





   L BW      QPS Mean Ltc  999 Ltc Graph IO   Emb IO   Rep LD  Ext Cmp   PQ Cmp   Pre(T)  Disp(T)  Read(T)  Page(T) Cache(T) DiskN(T) Post(T) Mem(MB) Recall@10
  10  4  4950.76     1611     2599    36.35     0.00     0.00    36.35  1744.60     0.00     0.01  1319.94     0.00     0.05   239.01    1.26    3179     63.31
  20  4  3960.42     2015     3343    45.41     0.00     0.00    45.41  2179.76     0.01     0.06  1595.07     0.00     0.06   357.22    1.96    3180     78.40
  30  4  3371.99     2367     3763    54.39     0.00     0.00    54.39  2610.80     0.00     0.06  1867.83     0.00     0.06   428.01    2.25    3180     85.34
  40  4  2856.78     2795     5467    63.62     0.00     0.00    63.62  3053.75     0.01     0.06  2137.94     0.00     0.06   573.84    2.72    3182     89.28
